DEPTH	Simplex_Low	Simplex_High	Duplex_Low	Duplex_High	Triplex_Low	Triplex_High	Tetraplex_Low	Tetraplex_High	Pentaplex_Low	Pentaplex_High
1	0	1	0	1	0	1	0	1	0	1
2	0	0.5	0	1	0	1	0	1	0.5	1
3	0	0.666666667	0	0.666666667	0	1	0.333333333	1	0.333333333	1
4	0	0.5	0	0.75	0	1	0.25	1	0.5	1
5	0	0.4	0	0.6	0.2	0.8	0.4	1	0.6	1
6	0	0.5	0	0.666666667	0.166666667	0.833333333	0.333333333	1	0.5	1
7	0	0.428571429	0	0.571428571	0.142857143	0.857142857	0.428571429	1	0.571428571	1
8	0	0.375	0.125	0.625	0.25	0.75	0.375	0.875	0.625	1
9	0	0.333333333	0.111111111	0.555555556	0.222222222	0.777777778	0.444444444	0.888888889	0.666666667	1
10	0	0.4	0.1	0.6	0.2	0.8	0.4	0.9	0.6	1
11	0	0.363636364	0.090909091	0.545454545	0.272727273	0.727272727	0.454545455	0.909090909	0.636363636	1
12	0	0.333333333	0.083333333	0.583333333	0.25	0.75	0.416666667	0.916666667	0.666666667	1
13	0	0.307692308	0.153846154	0.538461538	0.307692308	0.692307692	0.461538462	0.846153846	0.615384615	1
14	0	0.357142857	0.142857143	0.571428571	0.285714286	0.714285714	0.428571429	0.857142857	0.642857143	1
15	0	0.333333333	0.133333333	0.533333333	0.266666667	0.733333333	0.466666667	0.866666667	0.666666667	1
16	0	0.3125	0.125	0.5625	0.3125	0.6875	0.4375	0.875	0.6875	1
17	0.058823529	0.294117647	0.176470588	0.529411765	0.294117647	0.705882353	0.470588235	0.823529412	0.705882353	0.941176471
18	0.055555556	0.333333333	0.166666667	0.5	0.333333333	0.722222222	0.5	0.833333333	0.666666667	0.944444444
19	0.052631579	0.315789474	0.157894737	0.526315789	0.315789474	0.684210526	0.473684211	0.842105263	0.684210526	0.947368421
20	0.05	0.3	0.15	0.5	0.3	0.7	0.5	0.85	0.7	0.95
21	0.047619048	0.285714286	0.19047619	0.523809524	0.333333333	0.666666667	0.476190476	0.80952381	0.714285714	0.952380952
22	0.045454545	0.318181818	0.181818182	0.5	0.318181818	0.681818182	0.5	0.818181818	0.681818182	0.954545455
23	0.043478261	0.304347826	0.173913043	0.47826087	0.347826087	0.652173913	0.52173913	0.826086957	0.695652174	0.956521739
24	0.041666667	0.291666667	0.166666667	0.5	0.333333333	0.666666667	0.5	0.833333333	0.708333333	0.958333333
25	0.04	0.28	0.2	0.48	0.32	0.68	0.52	0.8	0.72	0.96
26	0.038461538	0.307692308	0.192307692	0.5	0.346153846	0.653846154	0.5	0.807692308	0.692307692	0.961538462
27	0.074074074	0.296296296	0.185185185	0.481481481	0.333333333	0.666666667	0.518518519	0.814814815	0.703703704	0.925925926
28	0.071428571	0.285714286	0.178571429	0.5	0.357142857	0.642857143	0.5	0.821428571	0.714285714	0.928571429
29	0.068965517	0.275862069	0.206896552	0.482758621	0.344827586	0.655172414	0.517241379	0.793103448	0.724137931	0.931034483
30	0.066666667	0.266666667	0.2	0.466666667	0.333333333	0.633333333	0.533333333	0.8	0.7	0.933333333
31	0.064516129	0.290322581	0.193548387	0.483870968	0.35483871	0.64516129	0.516129032	0.806451613	0.709677419	0.935483871
32	0.0625	0.28125	0.1875	0.46875	0.34375	0.65625	0.53125	0.8125	0.71875	0.9375
33	0.060606061	0.272727273	0.212121212	0.484848485	0.363636364	0.636363636	0.515151515	0.787878788	0.727272727	0.939393939
34	0.058823529	0.264705882	0.205882353	0.470588235	0.352941176	0.647058824	0.529411765	0.794117647	0.735294118	0.941176471
35	0.057142857	0.285714286	0.2	0.457142857	0.371428571	0.628571429	0.542857143	0.8	0.714285714	0.942857143
36	0.083333333	0.277777778	0.194444444	0.472222222	0.361111111	0.638888889	0.527777778	0.805555556	0.722222222	0.916666667
37	0.081081081	0.27027027	0.216216216	0.459459459	0.378378378	0.621621622	0.540540541	0.783783784	0.72972973	0.918918919
38	0.078947368	0.263157895	0.210526316	0.473684211	0.368421053	0.631578947	0.552631579	0.789473684	0.736842105	0.921052632
39	0.076923077	0.282051282	0.205128205	0.461538462	0.358974359	0.641025641	0.538461538	0.794871795	0.743589744	0.923076923
40	0.075	0.275	0.225	0.45	0.375	0.625	0.55	0.775	0.725	0.925
41	0.073170732	0.268292683	0.219512195	0.463414634	0.365853659	0.634146341	0.536585366	0.780487805	0.731707317	0.926829268
42	0.071428571	0.261904762	0.214285714	0.452380952	0.380952381	0.619047619	0.547619048	0.785714286	0.738095238	0.928571429
43	0.069767442	0.255813953	0.209302326	0.465116279	0.372093023	0.627906977	0.534883721	0.76744186	0.744186047	0.930232558
44	0.068181818	0.272727273	0.227272727	0.454545455	0.386363636	0.613636364	0.545454545	0.772727273	0.727272727	0.931818182
45	0.088888889	0.266666667	0.222222222	0.444444444	0.377777778	0.622222222	0.555555556	0.777777778	0.733333333	0.911111111
46	0.086956522	0.260869565	0.217391304	0.456521739	0.369565217	0.630434783	0.543478261	0.782608696	0.739130435	0.913043478
47	0.085106383	0.255319149	0.212765957	0.446808511	0.382978723	0.617021277	0.553191489	0.787234043	0.744680851	0.914893617
48	0.083333333	0.25	0.229166667	0.458333333	0.375	0.625	0.5625	0.770833333	0.75	0.916666667
49	0.081632653	0.265306122	0.224489796	0.448979592	0.387755102	0.612244898	0.551020408	0.775510204	0.734693878	0.918367347
50	0.08	0.26	0.22	0.44	0.38	0.62	0.56	0.78	0.74	0.92
51	0.078431373	0.254901961	0.235294118	0.450980392	0.392156863	0.607843137	0.549019608	0.784313725	0.745098039	0.921568627
52	0.076923077	0.25	0.230769231	0.442307692	0.384615385	0.615384615	0.557692308	0.769230769	0.75	0.923076923
53	0.094339623	0.264150943	0.226415094	0.433962264	0.377358491	0.603773585	0.566037736	0.773584906	0.754716981	0.905660377
54	0.092592593	0.259259259	0.222222222	0.444444444	0.388888889	0.611111111	0.555555556	0.777777778	0.740740741	0.907407407
55	0.090909091	0.254545455	0.236363636	0.436363636	0.381818182	0.6	0.563636364	0.763636364	0.745454545	0.909090909
56	0.089285714	0.25	0.232142857	0.428571429	0.392857143	0.607142857	0.571428571	0.767857143	0.75	0.910714286
57	0.087719298	0.245614035	0.228070175	0.438596491	0.385964912	0.614035088	0.561403509	0.771929825	0.754385965	0.912280702
58	0.086206897	0.25862069	0.24137931	0.431034483	0.396551724	0.603448276	0.568965517	0.75862069	0.74137931	0.913793103
59	0.084745763	0.254237288	0.237288136	0.440677966	0.389830508	0.610169492	0.559322034	0.762711864	0.745762712	0.915254237
60	0.083333333	0.25	0.233333333	0.433333333	0.4	0.6	0.566666667	0.766666667	0.75	0.9
61	0.098360656	0.245901639	0.229508197	0.442622951	0.393442623	0.606557377	0.573770492	0.770491803	0.754098361	0.901639344
62	0.096774194	0.241935484	0.241935484	0.435483871	0.387096774	0.596774194	0.564516129	0.758064516	0.758064516	0.903225806
63	0.095238095	0.253968254	0.238095238	0.428571429	0.396825397	0.603174603	0.571428571	0.761904762	0.761904762	0.904761905
64	0.09375	0.25	0.234375	0.4375	0.390625	0.609375	0.5625	0.765625	0.75	0.90625
65	0.092307692	0.246153846	0.246153846	0.430769231	0.4	0.6	0.569230769	0.769230769	0.753846154	0.907692308
66	0.090909091	0.242424242	0.242424242	0.424242424	0.393939394	0.606060606	0.575757576	0.757575758	0.757575758	0.909090909
67	0.089552239	0.23880597	0.23880597	0.432835821	0.402985075	0.597014925	0.567164179	0.76119403	0.76119403	0.910447761
68	0.088235294	0.25	0.235294118	0.426470588	0.397058824	0.602941176	0.573529412	0.764705882	0.75	0.911764706
69	0.101449275	0.246376812	0.246376812	0.420289855	0.405797101	0.594202899	0.565217391	0.753623188	0.753623188	0.898550725
70	0.1	0.242857143	0.242857143	0.428571429	0.4	0.6	0.571428571	0.757142857	0.757142857	0.9
71	0.098591549	0.23943662	0.23943662	0.422535211	0.394366197	0.591549296	0.577464789	0.76056338	0.76056338	0.901408451
72	0.097222222	0.236111111	0.25	0.430555556	0.402777778	0.597222222	0.569444444	0.763888889	0.763888889	0.902777778
73	0.095890411	0.246575342	0.246575342	0.424657534	0.397260274	0.589041096	0.575342466	0.753424658	0.753424658	0.904109589
74	0.094594595	0.243243243	0.243243243	0.432432432	0.405405405	0.594594595	0.581081081	0.756756757	0.756756757	0.905405405
75	0.106666667	0.24	0.24	0.426666667	0.4	0.6	0.573333333	0.746666667	0.76	0.906666667
76	0.105263158	0.236842105	0.25	0.421052632	0.407894737	0.592105263	0.578947368	0.763157895	0.763157895	0.894736842
77	0.103896104	0.233766234	0.246753247	0.428571429	0.402597403	0.597402597	0.571428571	0.753246753	0.766233766	0.896103896
78	0.102564103	0.243589744	0.243589744	0.423076923	0.41025641	0.58974359	0.576923077	0.756410256	0.769230769	0.897435897
79	0.101265823	0.240506329	0.253164557	0.417721519	0.405063291	0.594936709	0.582278481	0.746835443	0.759493671	0.898734177
80	0.1	0.2375	0.25	0.425	0.4125	0.5875	0.575	0.75	0.7625	0.9
81	0.098765432	0.234567901	0.24691358	0.419753086	0.407407407	0.592592593	0.580246914	0.75308642	0.765432099	0.901234568
82	0.097560976	0.231707317	0.243902439	0.414634146	0.414634146	0.597560976	0.585365854	0.756097561	0.768292683	0.902439024
83	0.096385542	0.228915663	0.253012048	0.421686747	0.409638554	0.590361446	0.578313253	0.746987952	0.759036145	0.891566265
84	0.107142857	0.238095238	0.25	0.416666667	0.404761905	0.595238095	0.583333333	0.75	0.761904762	0.892857143
85	0.105882353	0.235294118	0.247058824	0.423529412	0.411764706	0.588235294	0.576470588	0.752941176	0.764705882	0.894117647
86	0.104651163	0.23255814	0.255813953	0.418604651	0.406976744	0.593023256	0.581395349	0.755813953	0.76744186	0.895348837
87	0.103448276	0.229885057	0.252873563	0.413793103	0.413793103	0.586206897	0.586206897	0.747126437	0.770114943	0.896551724
88	0.102272727	0.238636364	0.25	0.420454545	0.409090909	0.579545455	0.579545455	0.75	0.761363636	0.897727273
89	0.101123596	0.235955056	0.247191011	0.415730337	0.415730337	0.584269663	0.584269663	0.752808989	0.764044944	0.898876404
90	0.1	0.233333333	0.255555556	0.422222222	0.411111111	0.588888889	0.588888889	0.744444444	0.766666667	0.9
91	0.10989011	0.230769231	0.252747253	0.417582418	0.417582418	0.582417582	0.582417582	0.747252747	0.769230769	0.89010989
92	0.108695652	0.22826087	0.25	0.413043478	0.413043478	0.586956522	0.586956522	0.75	0.760869565	0.891304348
93	0.107526882	0.23655914	0.258064516	0.419354839	0.419354839	0.580645161	0.580645161	0.741935484	0.76344086	0.892473118
94	0.106382979	0.234042553	0.255319149	0.414893617	0.414893617	0.585106383	0.585106383	0.744680851	0.765957447	0.893617021
95	0.105263158	0.231578947	0.252631579	0.410526316	0.421052632	0.589473684	0.589473684	0.747368421	0.768421053	0.894736842
96	0.104166667	0.229166667	0.260416667	0.416666667	0.416666667	0.583333333	0.583333333	0.739583333	0.770833333	0.895833333
97	0.103092784	0.226804124	0.257731959	0.412371134	0.412371134	0.587628866	0.587628866	0.742268041	0.773195876	0.896907216
98	0.112244898	0.234693878	0.255102041	0.418367347	0.418367347	0.581632653	0.591836735	0.744897959	0.765306122	0.887755102
99	0.111111111	0.232323232	0.262626263	0.414141414	0.414141414	0.585858586	0.585858586	0.747474747	0.767676768	0.888888889
100	0.11	0.23	0.26	0.41	0.42	0.58	0.59	0.74	0.77	0.89
101	0.108910891	0.227722772	0.257425743	0.405940594	0.415841584	0.584158416	0.584158416	0.742574257	0.772277228	0.891089109
102	0.107843137	0.225490196	0.254901961	0.411764706	0.421568627	0.578431373	0.588235294	0.745098039	0.764705882	0.892156863
103	0.106796117	0.233009709	0.262135922	0.40776699	0.417475728	0.582524272	0.59223301	0.737864078	0.766990291	0.893203883
104	0.105769231	0.230769231	0.259615385	0.413461538	0.423076923	0.576923077	0.586538462	0.740384615	0.769230769	0.894230769
105	0.104761905	0.228571429	0.257142857	0.40952381	0.419047619	0.580952381	0.59047619	0.742857143	0.771428571	0.895238095
106	0.103773585	0.226415094	0.264150943	0.405660377	0.41509434	0.58490566	0.594339623	0.745283019	0.773584906	0.886792453
107	0.112149533	0.224299065	0.261682243	0.411214953	0.420560748	0.579439252	0.588785047	0.738317757	0.775700935	0.887850467
108	0.111111111	0.222222222	0.259259259	0.407407407	0.425925926	0.583333333	0.592592593	0.740740741	0.768518519	0.888888889
109	0.110091743	0.229357798	0.256880734	0.412844037	0.422018349	0.577981651	0.587155963	0.743119266	0.770642202	0.889908257
110	0.109090909	0.227272727	0.254545455	0.409090909	0.418181818	0.572727273	0.590909091	0.736363636	0.772727273	0.890909091
111	0.108108108	0.225225225	0.261261261	0.405405405	0.423423423	0.576576577	0.585585586	0.738738739	0.774774775	0.891891892
112	0.107142857	0.223214286	0.258928571	0.410714286	0.419642857	0.580357143	0.589285714	0.741071429	0.776785714	0.892857143
113	0.115044248	0.230088496	0.265486726	0.407079646	0.424778761	0.575221239	0.592920354	0.734513274	0.778761062	0.89380531
114	0.114035088	0.228070175	0.263157895	0.403508772	0.421052632	0.578947368	0.596491228	0.736842105	0.771929825	0.885964912
115	0.113043478	0.226086957	0.260869565	0.408695652	0.426086957	0.573913043	0.591304348	0.739130435	0.773913043	0.886956522
116	0.112068966	0.224137931	0.267241379	0.405172414	0.422413793	0.577586207	0.594827586	0.74137931	0.775862069	0.887931034
117	0.111111111	0.222222222	0.264957265	0.41025641	0.427350427	0.581196581	0.58974359	0.735042735	0.777777778	0.888888889
118	0.110169492	0.220338983	0.262711864	0.406779661	0.423728814	0.576271186	0.593220339	0.737288136	0.779661017	0.889830508
119	0.109243697	0.226890756	0.260504202	0.403361345	0.420168067	0.579831933	0.596638655	0.739495798	0.773109244	0.890756303
120	0.116666667	0.225	0.266666667	0.408333333	0.425	0.575	0.591666667	0.733333333	0.775	0.883333333
121	0.115702479	0.223140496	0.26446281	0.404958678	0.429752066	0.570247934	0.595041322	0.73553719	0.776859504	0.884297521
122	0.114754098	0.221311475	0.262295082	0.401639344	0.426229508	0.573770492	0.598360656	0.737704918	0.778688525	0.885245902
123	0.113821138	0.219512195	0.260162602	0.406504065	0.422764228	0.577235772	0.593495935	0.731707317	0.780487805	0.886178862
124	0.112903226	0.225806452	0.266129032	0.403225806	0.427419355	0.572580645	0.596774194	0.733870968	0.774193548	0.887096774
125	0.112	0.224	0.264	0.4	0.432	0.576	0.6	0.736	0.776	0.888
126	0.111111111	0.222222222	0.261904762	0.404761905	0.420634921	0.571428571	0.595238095	0.738095238	0.777777778	0.888888889
127	0.11023622	0.220472441	0.267716535	0.401574803	0.42519685	0.57480315	0.598425197	0.732283465	0.779527559	0.88976378
128	0.1171875	0.2265625	0.265625	0.40625	0.4296875	0.5703125	0.6015625	0.734375	0.7734375	0.8828125
129	0.11627907	0.224806202	0.263565891	0.403100775	0.426356589	0.573643411	0.596899225	0.736434109	0.782945736	0.88372093
130	0.115384615	0.223076923	0.269230769	0.4	0.423076923	0.569230769	0.6	0.730769231	0.776923077	0.884615385
131	0.114503817	0.221374046	0.267175573	0.396946565	0.427480916	0.572519084	0.595419847	0.732824427	0.778625954	0.885496183
132	0.113636364	0.21969697	0.265151515	0.401515152	0.431818182	0.568181818	0.598484848	0.734848485	0.78030303	0.886363636
133	0.112781955	0.218045113	0.270676692	0.398496241	0.428571429	0.571428571	0.601503759	0.736842105	0.781954887	0.887218045
134	0.111940299	0.223880597	0.268656716	0.402985075	0.432835821	0.574626866	0.597014925	0.731343284	0.78358209	0.888059701
135	0.118518519	0.222222222	0.266666667	0.4	0.42962963	0.57037037	0.6	0.733333333	0.777777778	0.881481481
136	0.117647059	0.220588235	0.264705882	0.397058824	0.433823529	0.573529412	0.602941176	0.735294118	0.779411765	0.882352941
137	0.116788321	0.218978102	0.270072993	0.401459854	0.430656934	0.569343066	0.598540146	0.729927007	0.781021898	0.883211679
138	0.115942029	0.224637681	0.268115942	0.398550725	0.427536232	0.565217391	0.601449275	0.731884058	0.782608696	0.884057971
139	0.115107914	0.215827338	0.26618705	0.395683453	0.431654676	0.568345324	0.597122302	0.73381295	0.776978417	0.884892086
140	0.114285714	0.221428571	0.271428571	0.4	0.428571429	0.571428571	0.6	0.728571429	0.778571429	0.885714286
141	0.120567376	0.219858156	0.269503546	0.397163121	0.432624113	0.567375887	0.602836879	0.730496454	0.780141844	0.879432624
142	0.112676056	0.218309859	0.267605634	0.401408451	0.429577465	0.570422535	0.598591549	0.732394366	0.781690141	0.88028169
143	0.118881119	0.216783217	0.265734266	0.398601399	0.433566434	0.566433566	0.601398601	0.734265734	0.783216783	0.881118881
144	0.118055556	0.222222222	0.270833333	0.395833333	0.430555556	0.569444444	0.604166667	0.729166667	0.777777778	0.881944444
145	0.117241379	0.220689655	0.268965517	0.4	0.434482759	0.565517241	0.6	0.731034483	0.779310345	0.882758621
146	0.116438356	0.219178082	0.273972603	0.397260274	0.431506849	0.568493151	0.602739726	0.732876712	0.780821918	0.883561644
147	0.115646259	0.217687075	0.272108844	0.394557823	0.428571429	0.571428571	0.605442177	0.727891156	0.782312925	0.884353741
148	0.114864865	0.216216216	0.27027027	0.398648649	0.432432432	0.567567568	0.601351351	0.72972973	0.783783784	0.885135135
149	0.120805369	0.214765101	0.268456376	0.395973154	0.429530201	0.570469799	0.604026846	0.731543624	0.77852349	0.879194631
150	0.12	0.22	0.273333333	0.4	0.433333333	0.566666667	0.6	0.726666667	0.78	0.88
151	0.119205298	0.218543046	0.271523179	0.397350993	0.430463576	0.569536424	0.602649007	0.728476821	0.781456954	0.880794702
152	0.118421053	0.217105263	0.269736842	0.394736842	0.434210526	0.565789474	0.605263158	0.730263158	0.782894737	0.881578947
153	0.117647059	0.215686275	0.267973856	0.39869281	0.431372549	0.568627451	0.60130719	0.732026144	0.784313725	0.882352941
154	0.116883117	0.214285714	0.272727273	0.396103896	0.435064935	0.564935065	0.603896104	0.727272727	0.779220779	0.883116883
155	0.116129032	0.219354839	0.270967742	0.393548387	0.432258065	0.567741935	0.606451613	0.729032258	0.780645161	0.883870968
156	0.121794872	0.217948718	0.269230769	0.397435897	0.435897436	0.564102564	0.602564103	0.730769231	0.782051282	0.878205128
157	0.121019108	0.21656051	0.27388535	0.394904459	0.433121019	0.566878981	0.605095541	0.72611465	0.78343949	0.878980892
158	0.120253165	0.215189873	0.272151899	0.398734177	0.436708861	0.563291139	0.607594937	0.727848101	0.784810127	0.879746835
159	0.119496855	0.213836478	0.270440252	0.396226415	0.433962264	0.566037736	0.603773585	0.729559748	0.786163522	0.880503145
160	0.11875	0.2125	0.26875	0.39375	0.43125	0.56875	0.60625	0.73125	0.78125	0.88125
161	0.118012422	0.217391304	0.273291925	0.397515528	0.434782609	0.565217391	0.602484472	0.726708075	0.782608696	0.881987578
162	0.12345679	0.216049383	0.271604938	0.395061728	0.438271605	0.561728395	0.604938272	0.728395062	0.783950617	0.882716049
163	0.122699387	0.214723926	0.26993865	0.392638037	0.435582822	0.564417178	0.607361963	0.73006135	0.785276074	0.883435583
164	0.12195122	0.213414634	0.274390244	0.396341463	0.43902439	0.56097561	0.603658537	0.725609756	0.780487805	0.87804878
165	0.121212121	0.218181818	0.272727273	0.393939394	0.436363636	0.563636364	0.606060606	0.727272727	0.787878788	0.878787879
166	0.120481928	0.21686747	0.271084337	0.391566265	0.439759036	0.560240964	0.608433735	0.722891566	0.78313253	0.879518072
167	0.119760479	0.215568862	0.275449102	0.395209581	0.437125749	0.562874251	0.604790419	0.724550898	0.784431138	0.880239521
168	0.119047619	0.214285714	0.273809524	0.392857143	0.44047619	0.56547619	0.607142857	0.726190476	0.785714286	0.880952381
169	0.118343195	0.213017751	0.272189349	0.396449704	0.437869822	0.562130178	0.609467456	0.721893491	0.786982249	0.875739645
170	0.117647059	0.211764706	0.276470588	0.394117647	0.435294118	0.564705882	0.605882353	0.723529412	0.782352941	0.876470588
171	0.122807018	0.216374269	0.274853801	0.391812865	0.438596491	0.561403509	0.608187135	0.725146199	0.783625731	0.877192982
172	0.122093023	0.215116279	0.273255814	0.395348837	0.436046512	0.563953488	0.604651163	0.726744186	0.784883721	0.877906977
173	0.121387283	0.213872832	0.277456647	0.393063584	0.439306358	0.560693642	0.606936416	0.722543353	0.786127168	0.878612717
174	0.120689655	0.212643678	0.275862069	0.390804598	0.436781609	0.563218391	0.609195402	0.724137931	0.787356322	0.879310345
175	0.12	0.211428571	0.274285714	0.394285714	0.44	0.56	0.605714286	0.725714286	0.782857143	0.88
176	0.119318182	0.215909091	0.272727273	0.392045455	0.4375	0.5625	0.607954545	0.721590909	0.784090909	0.880681818
177	0.124293785	0.214689266	0.276836158	0.389830508	0.440677966	0.559322034	0.610169492	0.723163842	0.785310734	0.875706215
178	0.123595506	0.213483146	0.275280899	0.393258427	0.438202247	0.561797753	0.606741573	0.724719101	0.786516854	0.876404494
179	0.122905028	0.212290503	0.273743017	0.391061453	0.441340782	0.56424581	0.608938547	0.726256983	0.787709497	0.877094972
180	0.122222222	0.211111111	0.277777778	0.388888889	0.438888889	0.561111111	0.605555556	0.722222222	0.783333333	0.877777778
181	0.121546961	0.209944751	0.276243094	0.392265193	0.436464088	0.55801105	0.607734807	0.723756906	0.784530387	0.878453039
182	0.120879121	0.214285714	0.274725275	0.39010989	0.43956044	0.56043956	0.60989011	0.725274725	0.785714286	0.879120879
183	0.120218579	0.213114754	0.278688525	0.393442623	0.442622951	0.557377049	0.606557377	0.721311475	0.786885246	0.879781421
184	0.125	0.211956522	0.277173913	0.391304348	0.440217391	0.559782609	0.608695652	0.722826087	0.788043478	0.875
185	0.124324324	0.210810811	0.275675676	0.389189189	0.437837838	0.562162162	0.610810811	0.724324324	0.783783784	0.875675676
186	0.123655914	0.215053763	0.279569892	0.387096774	0.440860215	0.559139785	0.607526882	0.725806452	0.790322581	0.876344086
187	0.122994652	0.213903743	0.278074866	0.390374332	0.438502674	0.561497326	0.609625668	0.721925134	0.786096257	0.877005348
188	0.122340426	0.212765957	0.276595745	0.388297872	0.441489362	0.558510638	0.611702128	0.723404255	0.787234043	0.877659574
189	0.121693122	0.211640212	0.28042328	0.391534392	0.439153439	0.560846561	0.608465608	0.724867725	0.788359788	0.873015873
190	0.121052632	0.210526316	0.278947368	0.389473684	0.442105263	0.557894737	0.610526316	0.721052632	0.789473684	0.878947368
191	0.120418848	0.209424084	0.277486911	0.392670157	0.439790576	0.560209424	0.607329843	0.722513089	0.785340314	0.87434555
192	0.125	0.213541667	0.276041667	0.390625	0.4375	0.557291667	0.609375	0.723958333	0.786458333	0.875
193	0.124352332	0.212435233	0.279792746	0.388601036	0.440414508	0.559585492	0.611398964	0.720207254	0.787564767	0.875647668
194	0.12371134	0.211340206	0.278350515	0.386597938	0.443298969	0.56185567	0.608247423	0.721649485	0.788659794	0.87628866
195	0.123076923	0.21025641	0.276923077	0.38974359	0.441025641	0.558974359	0.61025641	0.723076923	0.78974359	0.876923077
196	0.12244898	0.209183673	0.280612245	0.387755102	0.43877551	0.56122449	0.612244898	0.724489796	0.790816327	0.87755102
197	0.121827411	0.21319797	0.279187817	0.390862944	0.441624365	0.558375635	0.609137056	0.720812183	0.78680203	0.873096447
198	0.121212121	0.212121212	0.277777778	0.388888889	0.439393939	0.560606061	0.611111111	0.722222222	0.787878788	0.873737374
199	0.125628141	0.211055276	0.27638191	0.386934673	0.442211055	0.557788945	0.613065327	0.72361809	0.788944724	0.874371859
200	0.125	0.21	0.28	0.39	0.445	0.56	0.61	0.72	0.79	0.875
