DEPTH	Simplex_Low	Simplex_High	Duplex_Low	Duplex_High	Triplex_Low	Triplex_High
1	0	1	0	1	0	1
2	0	1	0	1	0	1
3	0	0.666666667	0	1	0.333333333	1
4	0	0.75	0	1	0.5	1
5	0	0.6	0.2	0.8	0.4	1
6	0	0.5	0.166666667	0.833333333	0.5	1
7	0	0.571428571	0.142857143	0.857142857	0.428571429	1
8	0	0.5	0.25	0.75	0.5	1
9	0	0.555555556	0.222222222	0.777777778	0.555555556	1
10	0	0.5	0.2	0.8	0.5	1
11	0.090909091	0.454545455	0.272727273	0.727272727	0.545454545	0.909090909
12	0.083333333	0.5	0.25	0.75	0.5	0.916666667
13	0.076923077	0.461538462	0.307692308	0.692307692	0.538461538	0.923076923
14	0.071428571	0.428571429	0.285714286	0.714285714	0.571428571	0.928571429
15	0.066666667	0.466666667	0.266666667	0.733333333	0.533333333	0.933333333
16	0.0625	0.4375	0.3125	0.6875	0.5625	0.9375
17	0.058823529	0.411764706	0.294117647	0.705882353	0.588235294	0.882352941
18	0.111111111	0.444444444	0.333333333	0.666666667	0.555555556	0.888888889
19	0.105263158	0.421052632	0.315789474	0.684210526	0.578947368	0.894736842
20	0.1	0.4	0.3	0.7	0.6	0.9
21	0.095238095	0.428571429	0.333333333	0.666666667	0.571428571	0.904761905
22	0.090909091	0.409090909	0.318181818	0.681818182	0.590909091	0.909090909
23	0.130434783	0.391304348	0.347826087	0.652173913	0.608695652	0.913043478
24	0.125	0.416666667	0.333333333	0.666666667	0.583333333	0.875
25	0.12	0.4	0.32	0.68	0.6	0.88
26	0.115384615	0.384615385	0.346153846	0.653846154	0.615384615	0.884615385
27	0.111111111	0.407407407	0.333333333	0.666666667	0.592592593	0.888888889
28	0.107142857	0.392857143	0.357142857	0.642857143	0.607142857	0.892857143
29	0.137931034	0.379310345	0.344827586	0.655172414	0.620689655	0.862068966
30	0.133333333	0.4	0.366666667	0.666666667	0.6	0.866666667
31	0.129032258	0.387096774	0.35483871	0.64516129	0.612903226	0.870967742
32	0.125	0.375	0.34375	0.65625	0.625	0.875
33	0.121212121	0.363636364	0.363636364	0.636363636	0.606060606	0.878787879
34	0.147058824	0.382352941	0.352941176	0.647058824	0.617647059	0.852941176
35	0.142857143	0.371428571	0.371428571	0.628571429	0.628571429	0.857142857
36	0.138888889	0.361111111	0.361111111	0.638888889	0.611111111	0.861111111
37	0.135135135	0.378378378	0.378378378	0.621621622	0.621621622	0.864864865
38	0.131578947	0.368421053	0.368421053	0.631578947	0.631578947	0.868421053
39	0.153846154	0.358974359	0.358974359	0.641025641	0.641025641	0.871794872
40	0.15	0.375	0.375	0.625	0.625	0.85
41	0.146341463	0.365853659	0.365853659	0.634146341	0.634146341	0.853658537
42	0.142857143	0.357142857	0.380952381	0.619047619	0.642857143	0.857142857
43	0.139534884	0.372093023	0.372093023	0.627906977	0.651162791	0.860465116
44	0.136363636	0.363636364	0.386363636	0.636363636	0.636363636	0.863636364
45	0.155555556	0.355555556	0.377777778	0.622222222	0.644444444	0.844444444
46	0.152173913	0.347826087	0.369565217	0.630434783	0.652173913	0.847826087
47	0.14893617	0.361702128	0.382978723	0.617021277	0.638297872	0.85106383
48	0.145833333	0.354166667	0.375	0.625	0.645833333	0.854166667
49	0.142857143	0.346938776	0.387755102	0.612244898	0.653061224	0.857142857
50	0.16	0.36	0.38	0.62	0.64	0.84
51	0.156862745	0.352941176	0.392156863	0.607843137	0.647058824	0.843137255
52	0.153846154	0.346153846	0.384615385	0.615384615	0.653846154	0.846153846
53	0.150943396	0.358490566	0.396226415	0.603773585	0.641509434	0.849056604
54	0.148148148	0.351851852	0.388888889	0.611111111	0.648148148	0.851851852
55	0.163636364	0.345454545	0.381818182	0.618181818	0.654545455	0.836363636
56	0.160714286	0.357142857	0.392857143	0.607142857	0.642857143	0.839285714
57	0.157894737	0.350877193	0.385964912	0.614035088	0.649122807	0.842105263
58	0.155172414	0.344827586	0.396551724	0.603448276	0.655172414	0.844827586
59	0.152542373	0.338983051	0.389830508	0.610169492	0.661016949	0.847457627
60	0.166666667	0.35	0.4	0.6	0.65	0.833333333
61	0.163934426	0.344262295	0.393442623	0.606557377	0.655737705	0.836065574
62	0.161290323	0.338709677	0.403225806	0.596774194	0.661290323	0.838709677
63	0.158730159	0.333333333	0.396825397	0.603174603	0.666666667	0.841269841
64	0.15625	0.34375	0.390625	0.609375	0.65625	0.84375
65	0.169230769	0.338461538	0.4	0.6	0.661538462	0.830769231
66	0.166666667	0.333333333	0.393939394	0.606060606	0.666666667	0.833333333
67	0.164179104	0.343283582	0.402985075	0.597014925	0.656716418	0.835820896
68	0.161764706	0.338235294	0.397058824	0.602941176	0.661764706	0.838235294
69	0.173913043	0.333333333	0.405797101	0.594202899	0.666666667	0.826086957
70	0.171428571	0.342857143	0.4	0.6	0.657142857	0.828571429
71	0.169014085	0.338028169	0.408450704	0.605633803	0.661971831	0.830985915
72	0.166666667	0.333333333	0.402777778	0.597222222	0.666666667	0.833333333
73	0.164383562	0.342465753	0.410958904	0.589041096	0.671232877	0.835616438
74	0.175675676	0.337837838	0.405405405	0.594594595	0.662162162	0.837837838
75	0.173333333	0.333333333	0.4	0.6	0.666666667	0.826666667
76	0.171052632	0.328947368	0.407894737	0.592105263	0.671052632	0.828947368
77	0.168831169	0.337662338	0.402597403	0.597402597	0.662337662	0.831168831
78	0.166666667	0.333333333	0.41025641	0.58974359	0.666666667	0.833333333
79	0.164556962	0.329113924	0.405063291	0.594936709	0.670886076	0.835443038
80	0.175	0.3375	0.4125	0.5875	0.675	0.825
81	0.172839506	0.333333333	0.407407407	0.592592593	0.666666667	0.827160494
82	0.170731707	0.329268293	0.414634146	0.585365854	0.670731707	0.829268293
83	0.168674699	0.337349398	0.409638554	0.590361446	0.674698795	0.831325301
84	0.178571429	0.333333333	0.416666667	0.595238095	0.666666667	0.821428571
85	0.176470588	0.329411765	0.411764706	0.588235294	0.670588235	0.823529412
86	0.174418605	0.325581395	0.406976744	0.581395349	0.674418605	0.825581395
87	0.172413793	0.333333333	0.413793103	0.586206897	0.67816092	0.827586207
88	0.170454545	0.329545455	0.409090909	0.590909091	0.670454545	0.829545455
89	0.179775281	0.325842697	0.415730337	0.584269663	0.674157303	0.820224719
90	0.177777778	0.322222222	0.411111111	0.588888889	0.677777778	0.822222222
91	0.175824176	0.32967033	0.417582418	0.582417582	0.67032967	0.824175824
92	0.173913043	0.326086957	0.413043478	0.586956522	0.673913043	0.826086957
93	0.172043011	0.322580645	0.419354839	0.580645161	0.677419355	0.817204301
94	0.180851064	0.319148936	0.414893617	0.585106383	0.680851064	0.819148936
95	0.178947368	0.326315789	0.410526316	0.589473684	0.673684211	0.821052632
96	0.177083333	0.322916667	0.416666667	0.583333333	0.677083333	0.822916667
97	0.175257732	0.329896907	0.412371134	0.587628866	0.680412371	0.824742268
98	0.183673469	0.326530612	0.418367347	0.581632653	0.673469388	0.816326531
99	0.181818182	0.323232323	0.414141414	0.585858586	0.676767677	0.818181818
100	0.18	0.32	0.42	0.58	0.68	0.82
101	0.178217822	0.326732673	0.415841584	0.584158416	0.683168317	0.821782178
102	0.176470588	0.323529412	0.421568627	0.578431373	0.676470588	0.81372549
103	0.184466019	0.32038835	0.417475728	0.582524272	0.67961165	0.815533981
104	0.182692308	0.317307692	0.423076923	0.576923077	0.682692308	0.817307692
105	0.180952381	0.323809524	0.419047619	0.580952381	0.676190476	0.819047619
106	0.179245283	0.320754717	0.424528302	0.58490566	0.679245283	0.820754717
107	0.186915888	0.317757009	0.420560748	0.579439252	0.682242991	0.822429907
108	0.185185185	0.314814815	0.425925926	0.583333333	0.685185185	0.814814815
109	0.183486239	0.321100917	0.422018349	0.577981651	0.678899083	0.816513761
110	0.181818182	0.318181818	0.418181818	0.581818182	0.681818182	0.818181818
111	0.18018018	0.315315315	0.423423423	0.576576577	0.684684685	0.81981982
112	0.1875	0.321428571	0.419642857	0.580357143	0.678571429	0.8125
113	0.185840708	0.318584071	0.424778761	0.575221239	0.681415929	0.814159292
114	0.184210526	0.315789474	0.421052632	0.578947368	0.684210526	0.815789474
115	0.182608696	0.313043478	0.426086957	0.573913043	0.686956522	0.817391304
116	0.189655172	0.318965517	0.422413793	0.577586207	0.681034483	0.818965517
117	0.188034188	0.316239316	0.427350427	0.581196581	0.683760684	0.811965812
118	0.186440678	0.322033898	0.423728814	0.576271186	0.686440678	0.813559322
119	0.18487395	0.319327731	0.428571429	0.571428571	0.680672269	0.81512605
120	0.191666667	0.316666667	0.425	0.575	0.683333333	0.816666667
121	0.190082645	0.314049587	0.421487603	0.570247934	0.685950413	0.809917355
122	0.18852459	0.319672131	0.426229508	0.573770492	0.68852459	0.81147541
123	0.18699187	0.317073171	0.430894309	0.569105691	0.682926829	0.81300813
124	0.185483871	0.314516129	0.427419355	0.572580645	0.685483871	0.814516129
125	0.192	0.312	0.424	0.576	0.688	0.816
126	0.19047619	0.317460317	0.428571429	0.571428571	0.682539683	0.80952381
127	0.188976378	0.31496063	0.42519685	0.57480315	0.68503937	0.811023622
128	0.1875	0.3125	0.4296875	0.5703125	0.6875	0.8125
129	0.186046512	0.310077519	0.426356589	0.573643411	0.682170543	0.813953488
130	0.192307692	0.315384615	0.423076923	0.569230769	0.684615385	0.807692308
131	0.190839695	0.312977099	0.427480916	0.572519084	0.687022901	0.809160305
132	0.189393939	0.310606061	0.431818182	0.568181818	0.689393939	0.810606061
133	0.187969925	0.315789474	0.428571429	0.571428571	0.684210526	0.812030075
134	0.186567164	0.313432836	0.432835821	0.574626866	0.686567164	0.813432836
135	0.192592593	0.311111111	0.42962963	0.57037037	0.688888889	0.807407407
136	0.191176471	0.308823529	0.426470588	0.573529412	0.691176471	0.808823529
137	0.189781022	0.306569343	0.430656934	0.569343066	0.686131387	0.810218978
138	0.188405797	0.311594203	0.427536232	0.572463768	0.688405797	0.811594203
139	0.194244604	0.309352518	0.431654676	0.568345324	0.690647482	0.81294964
140	0.192857143	0.307142857	0.428571429	0.571428571	0.685714286	0.807142857
141	0.191489362	0.312056738	0.425531915	0.567375887	0.687943262	0.808510638
142	0.190140845	0.309859155	0.429577465	0.570422535	0.690140845	0.809859155
143	0.188811189	0.307692308	0.433566434	0.566433566	0.685314685	0.804195804
144	0.194444444	0.3125	0.430555556	0.569444444	0.6875	0.805555556
145	0.193103448	0.310344828	0.434482759	0.565517241	0.689655172	0.806896552
146	0.191780822	0.308219178	0.431506849	0.568493151	0.691780822	0.808219178
147	0.19047619	0.31292517	0.43537415	0.56462585	0.68707483	0.80952381
148	0.195945946	0.310810811	0.432432432	0.567567568	0.689189189	0.804054054
149	0.194630872	0.308724832	0.436241611	0.563758389	0.691275168	0.805369128
150	0.193333333	0.306666667	0.433333333	0.566666667	0.693333333	0.806666667
151	0.19205298	0.311258278	0.430463576	0.569536424	0.688741722	0.80794702
152	0.190789474	0.309210526	0.434210526	0.565789474	0.690789474	0.809210526
153	0.196078431	0.307189542	0.437908497	0.568627451	0.692810458	0.810457516
154	0.194805195	0.311688312	0.435064935	0.564935065	0.694805195	0.805194805
155	0.193548387	0.309677419	0.432258065	0.567741935	0.690322581	0.806451613
156	0.192307692	0.307692308	0.435897436	0.564102564	0.692307692	0.807692308
157	0.197452229	0.305732484	0.433121019	0.566878981	0.694267516	0.802547771
158	0.196202532	0.310126582	0.436708861	0.569620253	0.696202532	0.803797468
159	0.194968553	0.308176101	0.433962264	0.566037736	0.691823899	0.805031447
160	0.19375	0.30625	0.4375	0.5625	0.69375	0.80625
161	0.192546584	0.304347826	0.434782609	0.565217391	0.695652174	0.807453416
162	0.197530864	0.308641975	0.438271605	0.561728395	0.691358025	0.802469136
163	0.196319018	0.306748466	0.435582822	0.564417178	0.693251534	0.803680982
164	0.195121951	0.304878049	0.43902439	0.567073171	0.695121951	0.804878049
165	0.193939394	0.303030303	0.436363636	0.563636364	0.690909091	0.806060606
166	0.198795181	0.307228916	0.43373494	0.560240964	0.692771084	0.801204819
167	0.19760479	0.305389222	0.437125749	0.562874251	0.694610778	0.80239521
168	0.196428571	0.303571429	0.43452381	0.56547619	0.696428571	0.803571429
169	0.195266272	0.307692308	0.437869822	0.562130178	0.692307692	0.804733728
170	0.194117647	0.305882353	0.435294118	0.564705882	0.694117647	0.8
171	0.198830409	0.304093567	0.438596491	0.561403509	0.695906433	0.801169591
172	0.197674419	0.302325581	0.436046512	0.563953488	0.697674419	0.802325581
173	0.196531792	0.306358382	0.439306358	0.560693642	0.693641618	0.803468208
174	0.195402299	0.304597701	0.436781609	0.563218391	0.695402299	0.804597701
175	0.2	0.302857143	0.44	0.56	0.691428571	0.8
176	0.198863636	0.306818182	0.4375	0.5625	0.693181818	0.801136364
177	0.197740113	0.305084746	0.440677966	0.559322034	0.694915254	0.802259887
178	0.196629213	0.303370787	0.438202247	0.561797753	0.696629213	0.803370787
179	0.195530726	0.30726257	0.43575419	0.558659218	0.69273743	0.804469274
180	0.2	0.305555556	0.438888889	0.561111111	0.694444444	0.8
181	0.198895028	0.303867403	0.44198895	0.563535912	0.696132597	0.801104972
182	0.197802198	0.302197802	0.43956044	0.56043956	0.697802198	0.802197802
183	0.196721311	0.306010929	0.43715847	0.557377049	0.699453552	0.803278689
184	0.201086957	0.304347826	0.440217391	0.559782609	0.695652174	0.804347826
185	0.2	0.302702703	0.437837838	0.562162162	0.697297297	0.8
186	0.198924731	0.301075269	0.440860215	0.559139785	0.698924731	0.801075269
187	0.197860963	0.304812834	0.438502674	0.561497326	0.695187166	0.802139037
188	0.196808511	0.303191489	0.441489362	0.558510638	0.696808511	0.803191489
189	0.195767196	0.301587302	0.439153439	0.560846561	0.698412698	0.798941799
190	0.2	0.305263158	0.442105263	0.557894737	0.7	0.8
191	0.19895288	0.303664921	0.439790576	0.560209424	0.696335079	0.80104712
192	0.197916667	0.302083333	0.442708333	0.557291667	0.697916667	0.796875
193	0.202072539	0.300518135	0.440414508	0.559585492	0.699481865	0.803108808
194	0.201030928	0.298969072	0.443298969	0.556701031	0.695876289	0.798969072
195	0.2	0.302564103	0.441025641	0.558974359	0.697435897	0.8
196	0.198979592	0.301020408	0.443877551	0.56122449	0.698979592	0.801020408
197	0.197969543	0.299492386	0.441624365	0.558375635	0.700507614	0.802030457
198	0.202020202	0.303030303	0.439393939	0.555555556	0.696969697	0.797979798
199	0.201005025	0.301507538	0.442211055	0.557788945	0.698492462	0.798994975
200	0.2	0.3	0.445	0.555	0.7	0.8
